12
14
48
239
18
17
82
129
19
64
47
50
31
17
5
24
1
9
79
42
25
1
45
1
60
2
42
14
4
1
97
21
6
9
9
38
67
2
48
56
8
12
19
20
30
19
9
8
82
16
66
56
87
27
171
37
28
5
4
29
8
26
3
19
14
13
16
26
11
12
18
48
6
37
44
18
17
56
8
84
8
14
34
18
39
11
10
3
7
11
22
7
5
10
15
17
19
12
3
6
6
12
5
1
20
7
8
106
5
11
11
4
5
38
9
3
5
3
4
4
22
4
9
4
5
13
76
8
5
7
245
4
37
45
4
3
5
31
3
3
25
14
8
14
41
25
9
78
121
163
25
61
203
22
43
6
151
168
6
76
31
95
143
90
62
213
227
50
60
10
71
55
174
141
80
7
151
166
224
24
100
3
72
0
203
97
46
68
36
65
69
11
28
47
116
22
6
218
1
15
127
9
37
5
11
24
15
15
7
15
17
36
176
14
9
29
78
3
27
24
52
37
27
14
33
19
2
37
38
103
21
29
12
11
24
6
4
10
13
41
11
28
24
12
38
8
6
52
18
10
24
20
15
61
47
34
34
49
21
1
5
198
9
12
20
36
51
34
12
19
18
9
28
12
79
9
11
16
5
47
6
11
29
2
8
5
9
2
9
9
17
57
3
53
283
23
4
24
227
307
123
236
80
74
111
347
10
43
86
60
54
28
298
232
40
58
27
242
191
110
16
38
280
104
54
24
80
17
54
115
22
43
223
18
54
37
49
8
42
13
82
60
34
370
98
53
56
88
47
133
97
68
33
67
54
219
23
8
352
70
139
57
57
31
36
29
14
11
59
138
121
329
235
50
25
79
62
109
55
195
21
92
12
29
46
433
11
35
99
41
41
203
505
23
16
36
184
16
86
90
177
12
90
121
15
15
47
135
9
57
123
15
54
33
170
35
77
24
235
418
17
7
30
30
20
15
107
82
86
9
33
35
7
36
84
67
68
99
24
32
49
51
48
28
76
61
55
76
12
13
54
52
63
177
81
91
111
22
29
5
99
93
320
25
29
144
24
64
14
34
83
14
84
17
50
48
12
92
36
17
23
43
94
156
17
31
256
126
80
55
53
20
48
40
14
473
66
44
49
23
93
10
45
16
30
36
90
28
35
107
3
11
71
46
159
58
65
39
354
17
11
265
52
18
162
62
25
33
26
22
37
20
34
39
43
64
254
152
31
26
25
129
29
33
16
157
23
125
18
397
174
35
586
84
90
19
18
70
58
89
26
56
138
250
118
112
20
135
118
83
24
4
29
12
19
114
3
117
31
134
147
10
7
76
15
21
19
26
16
22
92
14
9
316
45
18
31
14
53
10
13
34
33
135
16
41
14
130
178
16
112
190
44
92
185
23
64
199
69
19
18
86
15
70
160
123
119
28
16
79
54
43
58
18
16
27
61
46
79
72
19
26
28
75
11
12
53
52
89
13
58
42
16
113
59
39
51
28
14
26
25
319
131
157
41
16
18
64
152
77
270
7
11
9
16
7
11
9
39
19
8
8
11
33
17
7
22
14
30
8
5
25
4
22
7
13
5
23
35
28
55
10
33
14
8
3
21
9
7
2
2
2
3
2
1
2
11
4
3
0
4