160673
94455
49616
175478
52295
236688
52141
50196
68757
95520
145666
100930
52222
55621
229849
58832
222848
105561
83215
54713
175479
237767
66560
51728
51454
112369
52378
52379
127409
125896
50197
111949
56886
109044
51689
54877
52209
54071
52464
51681
51416
54503
73329
51663
50018
70083
58545
51652
51653
50182
51664
51654
51452
53129
50926
80627
50039
51869
51682
51710
50284
51659
51665
77333
52737
51811
107961
178493
71349
232277
135395
116608
51730
50964
51684
120686
51838
51683
56349
52001
73940
59038
51685
51686
50931
178927
51458
51704
51705
50934
66053
73444
51867
51809
69716
51707
103168
65648
112039
76837
65716
65649
64661
161926
65650
65651
65652
65653
95516
65654
65722
65655
65656
65659
65657
112040
65660
95517
65662
65717
65734
65664
64662
65666
136495
65732
65718
65668
209990
65669
52398
64663
64664
112041
65719
64665
64666
65670
209991
161925
52400
52463
82179
52733
50450
55831
60029
52008
52138
55660
173104
55685
55661
55665
55686
55667
55668
55669
56315
55687
66558
56589
55670
55688
55690
95385
55671
55691
55692
55672
55693
55695
55673
55674
55696
55697
55675
55676
55677
51839
55699
60822
55700
55703
55679
132976
55705
55706
55707
56079
55708
55681
55710
55711
55713
55714
55682
55683
165859
235203
140071
189140
139910
115050
223723
129704
236692
161201
235658
147016
138372
140949
157488
140141
225311
136185
115730
118244
161192
140144
138735
135340
140380
147640
139281
222698
225583
193998
122231
138562
124969
145577
175630
147011
223999
177531
144126
140529
231825
135392
136023
137508
236432
148111
217076
236691
126470
139905
140143
180524
176493
179255
140944
114226
124873
191096
234986
108569
230757
161927
135869
167811
140685
188553
137086
231826
194292
136186
138701
177803
139520
177185
135848
180090
108572
193996
127307
118182
108639
195222
144154
188696
135724
117953
224815
236591
187446
99529
164840
120681
99714
140369
189255
195248
191091
177534
238162
50017
50780
116257
105188
52148
216939
52238
50904
50917
52349
50781
168007
55829
51687
53950
51412
50303
51703
53210
83727
146753
50444
73332
50181
52335
52336
51599
168006
168271
77870
67798
52311
50038
157478
140849
52225
104642
54202
194031
52734
63277
52483
79892
160742
52231
144288
52383
180337
114873
53211
104117
52484
51991
61114
56711
51415
52106
177143
166207
57081
143958
50962
165306
49617
50910
52472
193478
51702
54199
52461
79420
55833
71347
143919
50433
50811
51444
50187
198905
116457
50795
100933
145805
195416
101481
61150
231787
126697
50449
180012
195376
50192
180473
58438
50915
97829
223382
104643
56714
115075
78628
84476
175489
51413
179046
77724
111975
194293
225309
145739
50896
51417
114874
50193
145637
160385
52040
104703
50953
50902
56775
84933
52223
116374
53074
194866
60647
181517
52135
50279
97800
50281
50814
135250
80177
179851
179037
51655
77322
52482
51657
52351
84932
51418
221655
73330
55788
50921
77867
79061
50021
63276
96926
69729
50434
56973
114875
50440
180364
122427
54201
50922
52175
145515
50190
50191
51994
50796
145316
178662
175629
55270
50022
50023
167755
50033
222180
50031
51868
59670
50924
54758
165818
191326
218351
160875
122726
135756
180504
177528
126839
120684
176021
179912
52237
178368
166071
139807
52462
165823
178365
115470
193534
168268
161722
119052
122244
137754
164835
115731
126472
123704
53715
145375
158964
147730
139747
140842
74110
140686
50025
51469
52422
115081
108571
143945
52142
56887
161048
77379
55946
52821
52234
52294
135332
51997
52147
50194
77869
53083
50027
51692
222696
126469
51693
50936
179915
84934
52180
52963
161427
56659
52485
50446
224814
58437
52150
164438
71343
118901
50302
53152
50286
51998
51694
52337
52232
51841
123033
50951
52140
50304
50447
52091
194005
147734
167764
223635
50907
183634
50949
181018
51695
96455
222612
77321
168266
51690
164048
143918
223541
191090
181656
191975
50036
50948
51463
140220
161187
50947
76813
145642
161441
50945
57078
167803
147220
57678
51698
50203
54013
161708
84931
161151
50198
83217
180344
50199
72519
179474
52350
52139
55278
50927
52224
79035
53736
147245
52083
50283
145210
50470
151173
147219
97801
52227
115051
146894
160741
56997
50032
52107
122350
122309
50794
83219
183269
195375
165829
167810
101494
76830
225522
181021
51995
50285
51700
167948
160388
160387
52039
225312
181635
57636
50800
167638
50933
140480
158721
164844
70413
54876
216723
51699
230795
84597
79758
84599
230818
85601
85536
102677
84583
237766
85605
139692
187062
79756
225587
85543
108286
82027
177940
92216
138683
223025
145777
223816
85617
238087
85644
85550
85623
85620
223985
85624
114478
222529
85531
85540
177939
219936
216797
228190
232388
225967
230381
228698
228193
77834
228189
225881
45577
183077