14
30
87
6
8
0
57
27
56
31
23
2
35
45
0
18
0
4
142
40
42
0
9
1
96
0
30
51
0
0
41
11
12
13
2
20
70
13
46
281
21
31
22
7
19
15
24
11
41
7
78
6
26
29
55
49
59
5
0
38
6
13
7
9
51
9
14
0
30
0
15
9
12
112
84
4
4
40
1
49
23
5
6
17
34
0
9
6
4
21
33
10
13
18
15
23
3
22
0
5
57
7
25
0
18
26
20
40
3
4
2
5
127
13
3
9
5
5
67
12
5
7
3
45
1
12
16
73
0
64
16
14
17
11
22
47
44
22
0
0
24
29
5
35
48
45
10
42
24
159
5
25
165
45
16
11
159
128
11
29
3
16
157
41
72
104
70
43
42
8
43
6
136
151
32
3
138
130
20
73
54
8
36
23
86
95
12
28
4
40
28
11
28
39
38
8
6
158
5
0
34
5
55
0
0
1
0
1
0
1
5
5
28
1
0
9
1
4
6
4
7
12
2
1
4
0
0
1
57
11
6
0
0
2
0
0
0
3
0
0
1
106
0
2
1
0
0
2
3
2
0
1
2
59
11
1
0
6
0
0
23
29
1
10
2
1
0
7
2
4
0
0
77
0
6
0
0
17
1
2
2
0
1
1
0
0
2
2
3
0
8
8
1
0
0
0
0
63
87
94
23
99
5
37
51
191
16
46
18
19
22
43
208
67
108
152
70
33
34
31
12
27
15
135
25
4
293
35
224
88
21
2
653
68
65
1
24
19
75
56
5
63
0
67
71
20
238
17
35
15
15
119
29
128
65
27
32
7
47
14
332
101
57
0
61
3
26
17
15
14
28
66
589
116
21
4
75
57
102
50
0
10
18
0
7
60
0
0
216
2
57
33
90
0
19
23
13
21
23
1
34
4
201
23
5
1
19
65
1
20
23
29
13
10
66
37
200
74
92
70
10
10
3
54
4
20
52
23
131
88
94
77
4
4
48
202
29
56
26
26
96
0
22
39
10
24
53
10
31
18
61
14
135
21
44
6
4
4
29
3
13
92
381
12
28
12
6
2
13
68
41
0
24
0
50
33
16
104
47
24
0
0
8
39
87
22
10
7
147
4
5
112
4
1
18
120
3
3
38
0
12
28
2
31
51
2
19
0
9
29
1
12
19
3
24
14
11
140
255
45
5
93
60
29
96
2
3
13
13
38
22
10
12
67
28
16
53
198
19
0
70
36
7
6
7
203
14
19
27
255
53
0
1781
76
33
37
17
86
102
16
28
85
86
69
30
69
28
333
100
154
39
0
6
3
0
153
0
2
4
7
27
1
13
12
12
1
11
0
1
0
2
27
21
30
30
16
29
22
4
14
15
188
2
14
3
26
20
19
34
12
13
21
37
1
422
6
12
21
115
17
20
19
14
120
24
8
5
13
20
8
14
77
325
16
7
11
24
33
29
16
84
32
32
4
1
2
5
29
59
0
4
63
15
33
3
1
4
29
0
2
8
83
16
290
15
23
1
16
34
4
44
0
27
42
21
0
25
13
5
14
0
12
19
3
11
0
20
8
32
14
17
3
0
1
0
29
0
9
5
37
27
0
17
8
0
1
6
4
0
1
1
0
1
1
0
1
4
1
1
0
1